T2 Retailer Master data from gemE
2
4
90
102
104
5000
10410
10700
11138
11705
20505
20900
21200
21410
30105
30120
30710
31200
31205
31305
31425
31600
31700
31800
32015
32200
32890
40305
40540
40545
41100
41105
41290
41500
41700
41705
41900
50150
50305
50910
50915
51000
51210
51805
52310
52405
52520
52630
53000
53005
53100
53110
53405
53600
54000
54680
55100
60200
60300
60500
60505
60605
60615
60705
60730
60805
60815
60900
61020
61100
61145
61155
61315
61320
61400
61480
61505
61510
61515
61520
61525
61905
61930
62005
62010
72395
72505
81941
82005
82500
90400
90700
91800
91830
92200
100002
100600
100900
101100
101225
101230
101300
101400
101500
101600
110190
111205
120305
121115
121135
121146
121800
122800
130500
131005
131600
132005
132900
134005
134045
134105
140515
140555
140565
150200
150205
150400
161500
170305
170920
170930
171000
171410
180405
180410
180600
180650
180655
180685
181400
191805
191910
192000
192200
200001
200002
200003
200004
200005
200610
200740
210205
210210
220915
220925
220995
221000
230200
230900
240315
241010
241025
241040
241085
250515
251500
260190
261105
270205
270915
270940
280100
280105
281110
281115
281310
281610
281700
282095
282460
282465
282515
290600
291800
291895
292105
292110
293200
293210
293300
293500
294005
294905
295005
295305
300715
300720
300745
301000
301005
301105
301500
310410
311000
311400
320110
320130
320400
320500
330500
330610
340190
340400
340405
341155
341330
341700
342595
342995
343005
343095
343500
343595
343605
343915
344000
344300
344400
344425
344495
345095
345200
345610
345905
345915
350605
350610
360305
360320
361700
362500
370700
371020
371025
371245
372300
372395
373005
380110
380150
380900
380905
382605
382610
383210
383995
384505
390500
390720
390730
391400
400100
400110
400300
506221
506226
506255
506266
506281
506283
506296
506299
506302
506311
506325
506327
506343
506349
506360
506370
506375
506406
506407
506412
506415
506469
506470
506472
506473
506573
506712
506801
506839
506906
506977
507356
507431
507771
507772
507773
507818
507820
507823
507841
507842
507851
507913
507920
507923
507936
507946
507955
507958
507962
508002
508010
508012
508013
508017
508018
508022
508023
508025
508054
508059
508062
508107
508140
508156
508181
508187
508224
508247
508261
508362
508363
508377
508389
508392
508403
508422
508432
508444
508446
508449
508452
508459
508461
508481
508488
508498
508502
508504
508520
508521
508531
508537
508580
508595
508604
508607
508617
508618
508650
508663
508675
512995
512997
513014
513024
513037
513040
513046
513063
513092
513094
513110
513116
513170
513183
513185
513188
513196
513212
513222
513273
513274
513292
513333
513344
513347
513357
513359
513362
513368
513371
513373
513374
513385
513399
513430
513472
513476
513511
513512
513519
513533
513534
513545
513556
513585
513601
513627
513641
513651
513681
513688
513689
513702
513705
513706
513709
513741
513744
513746
513752
513758
513768
513772
513823
513826
513848
513851
513857
513877
513881
513882
513901
513902
513908
513931
513934
513941
513944
513945
513951
513960
514009
514012
514013
514041
514042
514047
514048
514055
514060
514063
514078
514079
514096
514099
514105
514107
514116
514118
514127
514141
514156
514178
514197
514212
514223
514224
514234
514235
514240
514258
514262
514268
514271
514272
514276
514296
514300
514332
514344
514345
514369
514391
514392
514394
514402
514403
514404
514405
514411
514414
514427
514434
514450
514457
514461
514482
514495
514497
514517
514522
514524
514528
514529
514534
514551
514556
514557
514562
514632
514636
514650
514653
514655
514656
514657
514658
514661
514671
514672
514674
514676
514687
514689
514690
514697
514699
514700
514701
514704
514709
514710
514714
514715
514716
514717
514719
514720
514722
514724
514725
514726
514734
514740
514760
514787
514790
514792
514793
514796
514802
514803
514804
514827
514834
514848
514864
514865
514867
514868
514869
514872
514873
514883
514885
514886
514892
514893
514899
514903
514904
514905
514909
514910
514913
514916
514919
514923
514930
514937
514938
514946
514965
514967
514978
514982
514984
514994
515018
515019
515021
515026
515032
515033
515046
515075
515076
515092
515101
515103
515104
515105
515112
515114
515121
515128
515132
515194
515196
515197
515201
515204
515207
515209
515213
515214
515223
515227
515230
515232
515234
515242
515244
515247
515250
515254
515256
515257
515262
515265
515270
515271
515275
520010
520030
520037
520039
520047
520050
520064
520077
520095
520108
520113
520115
520117
520239
520248
520252
520254
520261
520266
520272
520278
520283
520290
520296
520298
520306
520313
520315
520322
520336
520340
520342
520345
520347
520355
520495
520506
520509
520512
520515
520527
520534
520540
520547
520554
520556
520559
520567
520573
520576
520582
520588
520594
520610
520622
520625
520632
520650
520656
520662
520664
520669
520678
520681
520686
520692
520701
520725
520726
520733
520734
520737
520746
520749
520760
520768
520772
520778
520782
520785
520789
522008
522016
522018
522021
522044
522046
522055
522058
522067
522072
522075
522081
522089
522091
522097
522100
522106
522124
522138
522143
522148
522156
522163
522165
522168
522170
522175
522183
522187
522190
522193
522200
522218
522220
522225
522244
522246
522252
522260
522261
522266
522268
522273
522288
522291
522294
522299
522301
522304
522309
522317
522321
522328
522332
522340
522342
522345
522350
522353
522360
522363
522368
522373
522376
522378
522389
522401
522405
522407
522409
522411
522414
522421
522432
522433
522436
522443
522445
522451
522454
522459
522462
522463
522465
522469
522472
522473
522476
522490
522496
522498
522499
522501
522510
522518
522523
522525
522528
522531
522534
522542
522549
522552
522554
522559
522562
522574
522576
522582
522585
522591
522593
522595
522597
522602
522604
522606
522614
522619
522621
522622
522623
522625
522629
522631
522635
522637
522639
522641
522645
522649
522654
522666
522675
522678
522685
522694
522697
522699
522711
522739
522741
522743
522747
522749
522757
522767
522772
522774
522776
522779
522783
522789
522792
522808
522810
522822
522824
522831
522838
522840
522842
522851
522854
522856
522858
522861
522876
522882
522893
522896
522900
522902
522904
522907
522909
522925
522931
522933
522938
522939
522941
522944
522948
522960
522961
522963
522969
522973
522975
522977
522979
522981
522984
522987
522989
522995
522997
523000
523002
523011
523014
523019
523026
523030
523040
523049
523053
523056
523061
523068
523074
523078
523081
523088
523092
523100
523108
523113
523114
523117
523119
523120
523132
523136
523144
523150
523151
523159
523164
523175
523178
523185
523195
523201
523206
523211
523215
523218
523222
523225
523236
523240
523244
523248
523250
523256
523258
523260
523262
523265
523268
523277
523282
523286
523287
523288
523290
523294
523297
523300
523303
523307
523308
523317
523320
523321
523326
523332
523334
523338
523341
523344
523347
523353
523354
523356
523357
523359
523361
523362
523363
523364
523366
523369
523370
523376
523382
523385
523388
523391
523394
523397
523399
523403
523411
523415
523417
523420
523423
523425
523428
523433
523445
523452
523458
523465
523470
523474
523477
523478
523481
523483
523486
523488
523495
523501
523510
523522
523525
523527
523536
523542
523544
523547
523553
523570
523576
523579
523581
523589
523591
523593
523598
523600
523603
523606
523610
523613
523616
523619
523623
523629
523641
523644
523647
523659
523661
523664
523667
523674
523677
523680
523683
523689
523691
523694
523698
523704
523710
523716
523718
523721
523726
523731
523733
523735
523736
523740
523743
523748
523753
523755
523760
523764
523766
523767
523768
523769
523772
523774
523775
523776
523777
523778
523779
523780
523781
523782
523783
523784
523785
523786
523787
523788
523789
523790
523791
523793
523794
523795
523798
523799
523800
523801
523804
523805
523806
523807
523808
523809
523810
523811
523812
523813
523814
523815
523817
523819
523821
523822
523824
523825
523826
523827
523830
523835
523836
523837
523838
523839
523841
523842
523843
523844
523845
523846
523847
523849
523851
523853
523854
523855
523856
523857
523860
523865
523866
523867
523868
523869
523870
523871
523873
523889
523897
523908
523915
523921
523923
523926
523928
523931
523933
523952
523954
523974
523977
523980
523984
523990
523991
523996
524001
524004
524007
524010
524014
524015
524022
524024
524029
524030
524033
524036
524045
524047
524049
524050
524051
524054
524058
524059
524061
524064
524066
524072
524075
524078
524081
524085
524092
524097
524102
524105
524107
524109
524114
524117
524120
524123
524126
524127
524129
524132
524135
524141
524143
524148
524149
524152
524154
524157
524160
524163
524166
524171
524174
524177
524193
524196
524198
524204
524207
524210
524211
524213
524216
524219
524221
524224
524227
524230
524233
524243
524246
524250
524253
524255
524259
524263
524267
524269
524270
524272
524278
524281
524283
524286
524396
524399
524400
524403
524409
524412
524414
524417
524427
524430
524440
524443
524452
524455
524458
524460
524463
524467
524472
524477
524480
524482
524487
524492
524498
524500
524502
524504
524506
524510
524517
524529
524532
524534
524543
524548
524550
524553
524554
524555
524556
524557
524558
524560
524563
524569
524570
524573
524575
524579
524582
524585
524587
524590
524593
524600
524603
524605
524608
524613
524617
524621
524630
524633
524636
524639
524641
524648
524650
524656
524661
524664
524665
524667
524670
524672
524675
524680
524686
524694
524700
524702
524705
524712
524716
524718
524720
524722
524729
524732
524735
524737
524741
524744
524747
524749
524751
524754
524757
524759
524762
524768
524773
524776
524778
524787
524788
524789
524794
524797
524802
524803
524804
524808
524813
524815
524823
524827
524835
524838
524840
524843
524847
524854
524856
524858
524860
524864
524868
524874
524878
524880
524882
524893
524894
524901
524905
524907
524909
524914
524918
524919
524920
524922
524923
524924
524925
524926
524927
524939
524947
524949
524951
524957
524960
524962
524965
524968
524972
524980
524982
524984
524986
524988
524990
524993
524995
524999
525000
525001
525002
525004
525006
525008
525009
525010
525011
525012
525014
525016
525017
525021
525022
525023
525025
525026
525027
525028
525029
525030
525031
525032
525034
525035
525038
525040
525041
525042
525043
525044
525046
525050
525051
525053
525058
525059
525066
525070
525071
525073
525081
525085
525087
525089
525091
525094
525099
525101
525107
525109
525111
525113
525121
525122
525127
525130
525131
525132
525136
525138
525140
525147
525151
525153
525157
525159
525161
525162
525164
525166
525168
525171
525175
525177
525180
525185
525187
525190
525192
525199
525201
525207
525211
525215
525217
525218
525220
525222
525227
525229
525236
525239
525251
525256
525258
525263
525265
525267
525269
525271
525273
525277
525285
525288
525290
525302
525304
525305
525307
525316
525321
525323
525326
525328
525330
525334
525336
525347
525348
525353
525356
525358
525360
525363
525366
525368
525369
525374
525375
525376
525378
525383
525386
525392
525395
525396
525402
525404
525407
525409
525410
525412
525414
525422
525424
525425
525427
525431
525434
525436
525437
525441
525445
525447
525466
525470
525474
525476
525478
525481
525483
525485
525490
525493
525495
525496
525500
525504
525506
525511
525520
525523
525525
525534
525538
525540
525544
525550
525552
525555
525559
525561
525563
525565
525568
525570
525572
525575
525577
525580
525582
525584
525586
525588
525590
525592
525594
525597
525598
525604
525606
525608
525612
525614
525619
525621
525624
525625
525629
525631
525634
525637
525639
525656
525658
525660
525662
525666
525668
525671
525673
525677
525679
525682
525685
525687
525689
525690
525692
525693
525699
525703
525706
525707
525708
525709
525710
525712
525715
525717
525720
525723
525726
525730
525733
525736
525738
525742
525743
525747
525752
525756
525757
525760
525763
525767
525770
525773
525774
525776
525778
525781
525783
525784
525785
525794
525796
525802
525804
525806
525809
525810
525813
525818
525820
525822
525825
525827
525828
525830
525832
525834
525836
525839
525840
525843
525845
525853
525855
525856
525858
525859
525868
525871
525873
525875
525877
525878
525879
525880
525883
525887
525890
525893
525894
525896
525898
525900
525906
525910
525912
525917
525919
525928
525930
525933
525935
525937
525941
525943
525949
525950
525953
525956
525958
525961
525963
525965
525970
525971
525973
525977
525981
525983
525985
525987
525990
525993
525995
525996
525998
526000
526003
526007
526008
526012
526015
526016
526018
526019
526022
526024
526028
526031
526037
526039
526042
526046
526051
526055
526056
526058
526063
526066
526068
526070
526076
526077
526081
526083
526085
526086
526092
526095
526097
526099
526101
526102
526103
526106
526108
526110
526114
526116
526127
526129
526138
526142
526145
526148
526151
526154
526156
526158
526162
526164
526166
526170
526179
526181
526183
526185
526188
526189
526193
526196
526198
526201
526204
526208
526211
526215
526219
526221
526223
526225
526227
526229
526231
526235
526240
526241
526243
526245
526247
526249
526252
526254
526256
526258
526260
526262
526264
526265
526269
526270
526272
526275
526277
526279
526281
526283
526285
526288
526292
526294
526297
526300
526305
526306
526308
526313
526314
526316
526318
526320
526322
526326
526338
526340
526346
526350
526352
526355
526364
526368
526371
526377
526381
526383
526384
526387
526390
526394
526396
526399
526404
526407
526409
526417
526424
526426
526428
526430
526431
526436
526440
526441
526443
526445
526446
526450
526452
526455
526457
526460
526464
526466
526468
526472
526474
526477
526480
526483
526486
526488
526490
526499
526500
526506
526512
526515
526518
526522
526524
526526
526528
526530
526533
526535
526538
526539
526543
526547
526553
526555
526558
526560
526566
526570
526575
526578
526580
526582
526584
526588
526590
526594
526597
526599
526601
526604
526605
526607
526609
526610
526613
526618
526619
526621
526624
526633
526636
526637
526639
526646
526649
526651
526653
526657
526664
526667
526674
526678
526680
526682
526684
526686
526689
526690
526692
526694
526697
526699
526701
526703
526709
526712
526717
526719
526728
526731
526733
526735
526737
526739
526743
526745
526749
526750
526753
526757
526760
526765
526778
526786
526788
530000
530004
530005
530006
530007
530009
530010
530011
530012
530013
530014
530015
530016
530018
530019
530020
530021
530022
530023
530024
530025
530026
530028
530029
530030
530031
530032
530033
530034
530036
530037
530038
530039
530040
530042
530044
530045
530046
530047
530048
530049
530051
530052
530055
530056
530057
530058
530059
530060
530062
530063
530064
530065
530066
530067
530069
530070
530071
530072
530073
530074
530075
530076
530077
530078
530079
530080
530081
530084
530091
530098
